# Scenario default_scenario
# distance at msg send, delivery time, hop count, MSG_ID
90.9058 0.7000 4 MA4
242.3273 31.3000 9 MA1
590.0808 39.2000 12 MA2
656.5408 51.3000 20 MA3
536.1105 37.9000 24 MA11
314.0770 25.9000 8 MA17
336.5848 86.2000 19 MA5
369.6386 82.4000 7 MA6
434.4021 16.7000 18 MA20
843.8493 90.1000 20 MA8
763.9657 82.7000 11 MA10
117.7016 11.9000 11 MA25
708.4052 59.1000 2 MA16
793.9431 93.0000 3 MA12
589.0620 45.1000 23 MA22
361.7499 120.7000 4 MA7
260.0185 40.4000 2 MA24
347.0793 8.2000 12 MA33
438.4402 85.5000 14 MA18
519.1791 118.1000 7 MA13
699.0654 108.3000 6 MA15
402.2519 34.8000 11 MA31
576.1175 48.4000 12 MA30
220.9745 9.3000 11 MA38
333.7908 20.6000 8 MA37
361.9236 80.8000 14 MA27
663.8408 49.8000 24 MA34
331.8234 7.2000 15 MA43
697.5295 64.2000 23 MA32
24.8716 0.1000 1 MA46
280.7334 136.4000 9 MA19
263.0630 91.5000 9 MA28
262.0181 187.9000 19 MA9
353.4377 135.9000 12 MA21
666.9304 22.7000 14 MA44
600.4246 46.7000 25 MA40
1069.6704 116.7000 18 MA26
140.5397 2.6000 4 MA49
448.8389 43.5000 3 MA42
672.7804 24.6000 16 MA47
330.9682 57.8000 10 MA41
98.9316 72.1000 3 MA39
1330.6590 206.0000 8 MA14
878.3451 162.3000 5 MA23
874.2486 132.4000 10 MA29
392.4883 116.4000 10 MA36
1096.4796 130.9000 19 MA35
786.2720 51.1000 9 MA51
319.3871 51.5000 5 MA52
156.3572 41.3000 8 MA56
125.0687 27.1000 9 MA59
754.4475 82.3000 13 MA50
135.1199 34.2000 12 MA60
268.0744 18.0000 9 MA66
178.8693 109.6000 15 MA48
562.8759 79.9000 10 MA54
909.9444 135.0000 13 MA45
543.3281 85.4000 15 MA55
488.8790 31.6000 11 MA68
339.3926 16.8000 13 MA71
610.4318 109.1000 6 MA53
601.9268 49.8000 5 MA65
532.2289 90.2000 4 MA57
566.7036 83.5000 10 MA61
461.8558 107.3000 3 MA58
629.8485 62.8000 14 MA67
135.3438 1.1000 5 MA81
392.9908 60.1000 10 MA74
457.6284 51.4000 12 MA78
477.0064 88.1000 12 MA72
266.4064 73.6000 4 MA75
532.5478 139.8000 10 MA62
538.1145 90.5000 26 MA73
134.3017 12.9000 2 MA89
351.7039 11.9000 9 MA91
740.6995 151.7000 18 MA64
555.8132 128.5000 14 MA69
389.7338 40.8000 7 MA87
60.3703 2.4000 1 MA95
326.2339 104.2000 13 MA76
122.9959 14.5000 4 MA96
211.9735 77.0000 6 MA84
245.6466 29.7000 3 MA94
87.1908 9.8000 3 MA98
422.7060 12.6000 6 MA101
1139.3688 88.7000 27 MA86
855.1823 109.1000 28 MA82
545.2172 137.5000 9 MA77
134.6905 20.4000 6 MA104
277.3451 23.4000 3 MA107
416.6537 102.2000 16 MA92
726.0167 118.1000 5 MA90
435.1543 24.8000 12 MA109
130.8747 225.7000 24 MA70
1319.6237 157.0000 30 MA85
137.0051 33.1000 4 MA110
521.2485 60.6000 5 MA106
896.8225 108.6000 14 MA97
691.9028 154.4000 4 MA88
518.3680 283.5000 13 MA63
609.7422 85.7000 2 MA103
509.5251 206.2000 11 MA79
444.8601 201.3000 14 MA80
503.3976 146.9000 13 MA93
446.9064 122.6000 10 MA99
674.1380 118.8000 20 MA100
366.8955 208.4000 2 MA83
904.5698 90.1000 23 MA108
646.0032 60.2000 8 MA115
431.9509 30.9000 8 MA121
231.0435 57.8000 11 MA116
537.6279 74.5000 18 MA114
198.8771 55.0000 12 MA118
457.0047 49.3000 5 MA120
90.6344 4.8000 4 MA132
553.4284 56.3000 9 MA123
242.2692 147.8000 12 MA105
742.5754 116.2000 9 MA112
553.6361 39.4000 10 MA128
346.0221 126.1000 19 MA111
921.0058 100.6000 12 MA117
620.2976 65.0000 18 MA126
913.9127 130.9000 4 MA113
533.3469 51.6000 18 MA129
413.1804 14.2000 16 MA137
438.1809 83.8000 11 MA124
729.2087 54.7000 8 MA130
146.5417 125.7000 11 MA119
438.8523 28.5000 4 MA141
659.4260 104.9000 8 MA127
116.9419 121.1000 20 MA125
782.4725 77.7000 17 MA134
974.5897 140.1000 26 MA122
157.6960 8.9000 3 MA149
478.0927 73.9000 5 MA138
238.7136 16.0000 5 MA150
10.6992 0.1000 1 MA155
134.2708 10.4000 5 MA153
398.1209 67.7000 15 MA145
415.6479 77.7000 12 MA144
376.9627 132.3000 12 MA135
567.8258 95.2000 7 MA143
495.4225 61.6000 6 MA151
153.8072 3.3000 5 MA163
582.2229 153.8000 10 MA133
575.1367 52.6000 22 MA154
57.5593 142.7000 21 MA136
482.3928 9.4000 16 MA164
139.9865 135.4000 7 MA139
1535.7515 175.7000 4 MA131
905.7784 320.8000 9 MA102
669.0532 71.5000 3 MA152
712.3368 32.5000 14 MA160
407.3128 43.1000 16 MA158
1321.9807 126.8000 22 MA142
1344.1846 108.6000 23 MA146
922.2445 35.5000 16 MA161
415.9586 53.2000 11 MA159
964.0584 113.8000 20 MA147
371.4232 39.8000 5 MA162
344.3986 112.1000 8 MA148
524.4227 77.5000 21 MA157
588.7058 32.9000 20 MA166
160.5989 28.7000 12 MA169
702.4541 120.3000 9 MA156
294.7951 25.9000 6 MA176
648.9242 55.8000 24 MA173
763.2260 56.1000 19 MA174
478.6320 43.0000 16 MA178
614.0559 86.8000 14 MA170
652.9478 34.5000 25 MA181
662.6542 -1.0000 -1 MA175
514.5349 -1.0000 -1 MA186
457.0047 -1.0000 -1 MA185
618.0915 -1.0000 -1 MA140
825.0637 -1.0000 -1 MA184
650.7539 -1.0000 -1 MA172
1102.4354 -1.0000 -1 MA183
656.5523 -1.0000 -1 MA168
536.3951 -1.0000 -1 MA179
691.3404 -1.0000 -1 MA167
386.8660 -1.0000 -1 MA189
669.4017 -1.0000 -1 MA177
231.3659 -1.0000 -1 MA188
1067.8753 -1.0000 -1 MA165
2182.8852 -1.0000 -1 MA187
290.8766 -1.0000 -1 MA171
664.2321 -1.0000 -1 MA182
378.9169 -1.0000 -1 MA180
