# time  created  delivered  delivered/created
5.0000 1 0 0.0000
10.0000 2 0 0.0000
15.0000 3 0 0.0000
20.0000 4 0 0.0000
20.7000 4 1 0.2500
25.0000 5 1 0.2000
30.0000 6 1 0.1667
35.0000 7 1 0.1429
36.3000 7 2 0.2857
40.0000 8 2 0.2500
45.0000 9 2 0.2222
49.2000 9 3 0.3333
50.0000 10 3 0.3000
55.0000 11 3 0.2727
60.0000 12 3 0.2500
65.0000 13 3 0.2308
66.3000 13 4 0.3077
70.0000 14 4 0.2857
75.0000 15 4 0.2667
80.0000 16 4 0.2500
85.0000 17 4 0.2353
90.0000 18 4 0.2222
92.9000 18 5 0.2778
95.0000 19 5 0.2632
100.0000 20 5 0.2500
105.0000 21 5 0.2381
110.0000 22 5 0.2273
110.9000 22 6 0.2727
111.2000 22 7 0.3182
112.4000 22 8 0.3636
115.0000 23 8 0.3478
116.7000 23 9 0.3913
120.0000 24 9 0.3750
125.0000 25 9 0.3600
130.0000 26 9 0.3462
130.1000 26 10 0.3846
132.7000 26 11 0.4231
135.0000 27 11 0.4074
136.9000 27 12 0.4444
139.1000 27 13 0.4815
140.0000 28 13 0.4643
145.0000 29 13 0.4483
150.0000 30 13 0.4333
153.0000 30 14 0.4667
155.0000 31 14 0.4516
155.1000 31 15 0.4839
155.7000 31 16 0.5161
160.0000 32 16 0.5000
160.4000 32 17 0.5313
165.0000 33 17 0.5152
170.0000 34 17 0.5000
173.2000 34 18 0.5294
175.0000 35 18 0.5143
175.5000 35 19 0.5429
180.0000 36 19 0.5278
183.1000 36 20 0.5556
183.3000 36 21 0.5833
185.0000 37 21 0.5676
189.8000 37 22 0.5946
190.0000 38 22 0.5789
195.0000 39 22 0.5641
198.4000 39 23 0.5897
199.3000 39 24 0.6154
200.0000 40 24 0.6000
205.0000 41 24 0.5854
205.6000 41 25 0.6098
210.0000 42 25 0.5952
215.0000 43 25 0.5814
215.8000 43 26 0.6047
219.8000 43 27 0.6279
220.0000 44 27 0.6136
222.2000 44 28 0.6364
224.2000 44 29 0.6591
225.0000 45 29 0.6444
230.0000 46 29 0.6304
230.1000 46 30 0.6522
231.4000 46 31 0.6739
231.5000 46 32 0.6957
232.9000 46 33 0.7174
235.0000 47 33 0.7021
240.0000 48 33 0.6875
240.9000 48 34 0.7083
242.7000 48 35 0.7292
245.0000 49 35 0.7143
246.7000 49 36 0.7347
246.7000 49 37 0.7551
247.6000 49 38 0.7755
250.0000 50 38 0.7600
253.5000 50 39 0.7800
255.0000 51 39 0.7647
259.6000 51 40 0.7843
260.0000 52 40 0.7692
262.8000 52 41 0.7885
265.0000 53 41 0.7736
267.1000 53 42 0.7925
270.0000 54 42 0.7778
275.0000 55 42 0.7636
276.0000 55 43 0.7818
277.3000 55 44 0.8000
277.4000 55 45 0.8182
280.0000 56 45 0.8036
285.0000 57 45 0.7895
290.0000 58 45 0.7759
295.0000 59 45 0.7627
296.4000 59 46 0.7797
300.0000 60 46 0.7667
305.0000 61 46 0.7541
305.9000 61 47 0.7705
306.1000 61 48 0.7869
310.0000 62 48 0.7742
311.5000 62 49 0.7903
315.0000 63 49 0.7778
320.0000 64 49 0.7656
321.3000 64 50 0.7813
322.1000 64 51 0.7969
325.0000 65 51 0.7846
330.0000 66 51 0.7727
332.3000 66 52 0.7879
334.2000 66 53 0.8030
335.0000 67 53 0.7910
340.0000 68 53 0.7794
345.0000 69 53 0.7681
348.0000 69 54 0.7826
349.6000 69 55 0.7971
349.9000 69 56 0.8116
350.0000 70 56 0.8000
355.0000 71 56 0.7887
360.0000 72 56 0.7778
360.0000 72 57 0.7917
360.4000 72 58 0.8056
365.0000 73 58 0.7945
370.0000 74 58 0.7838
371.6000 74 59 0.7973
371.8000 74 60 0.8108
374.1000 74 61 0.8243
374.8000 74 62 0.8378
375.0000 75 62 0.8267
375.2000 75 63 0.8400
380.0000 76 63 0.8289
385.0000 77 63 0.8182
388.5000 77 64 0.8312
390.0000 78 64 0.8205
395.0000 79 64 0.8101
397.3000 79 65 0.8228
397.8000 79 66 0.8354
400.0000 80 66 0.8250
405.0000 81 66 0.8148
406.1000 81 67 0.8272
410.0000 82 67 0.8171
415.0000 83 67 0.8072
420.0000 84 67 0.7976
425.0000 85 67 0.7882
430.0000 86 67 0.7791
430.1000 86 68 0.7907
435.0000 87 68 0.7816
440.0000 88 68 0.7727
441.4000 88 69 0.7841
445.0000 89 69 0.7753
448.1000 89 70 0.7865
448.6000 89 71 0.7978
449.8000 89 72 0.8090
450.0000 90 72 0.8000
455.0000 91 72 0.7912
455.5000 91 73 0.8022
457.9000 91 74 0.8132
460.0000 92 74 0.8043
465.0000 93 74 0.7957
466.9000 93 75 0.8065
470.0000 94 75 0.7979
471.7000 94 76 0.8085
473.5000 94 77 0.8191
475.0000 95 77 0.8105
475.8000 95 78 0.8211
477.4000 95 79 0.8316
480.0000 96 79 0.8229
484.2000 96 80 0.8333
485.0000 97 80 0.8247
490.0000 98 80 0.8163
494.5000 98 81 0.8265
495.0000 99 81 0.8182
497.0000 99 82 0.8283
499.7000 99 83 0.8384
499.8000 99 84 0.8485
500.0000 100 84 0.8400
505.0000 101 84 0.8317
510.0000 102 84 0.8235
515.0000 103 84 0.8155
517.6000 103 85 0.8252
518.7000 103 86 0.8350
519.1000 103 87 0.8447
520.0000 104 87 0.8365
522.5000 104 88 0.8462
525.0000 105 88 0.8381
530.0000 106 88 0.8302
535.0000 107 88 0.8224
540.0000 108 88 0.8148
540.4000 108 89 0.8241
545.0000 109 89 0.8165
550.0000 110 89 0.8091
555.0000 111 89 0.8018
558.4000 111 90 0.8108
560.0000 112 90 0.8036
562.2000 112 91 0.8125
565.0000 113 91 0.8053
568.1000 113 92 0.8142
569.8000 113 93 0.8230
570.0000 114 93 0.8158
575.0000 115 93 0.8087
575.7000 115 94 0.8174
580.0000 116 94 0.8103
582.0000 116 95 0.8190
583.1000 116 96 0.8276
585.0000 117 96 0.8205
590.0000 118 96 0.8136
590.6000 118 97 0.8220
593.6000 118 98 0.8305
594.4000 118 99 0.8390
595.0000 119 99 0.8319
598.5000 119 100 0.8403
600.0000 120 100 0.8333
600.7000 120 101 0.8417
601.2000 120 102 0.8500
601.3000 120 103 0.8583
605.0000 121 103 0.8512
610.0000 122 103 0.8443
611.9000 122 104 0.8525
615.0000 123 104 0.8455
617.6000 123 105 0.8537
618.8000 123 106 0.8618
620.0000 124 106 0.8548
623.4000 124 107 0.8629
625.0000 125 107 0.8560
630.0000 126 107 0.8492
630.1000 126 108 0.8571
635.0000 127 108 0.8504
635.2000 127 109 0.8583
635.9000 127 110 0.8661
637.8000 127 111 0.8740
640.0000 128 111 0.8672
644.5000 128 112 0.8750
645.0000 129 112 0.8682
645.0000 129 113 0.8760
649.3000 129 114 0.8837
650.0000 130 114 0.8769
655.0000 131 114 0.8702
660.0000 132 114 0.8636
664.8000 132 115 0.8712
665.0000 133 115 0.8647
670.0000 134 115 0.8582
671.3000 134 116 0.8657
672.8000 134 117 0.8731
675.0000 135 117 0.8667
676.2000 135 118 0.8741
679.4000 135 119 0.8815
680.0000 136 119 0.8750
681.1000 136 120 0.8824
685.0000 137 120 0.8759
685.6000 137 121 0.8832
690.0000 138 121 0.8768
695.0000 139 121 0.8705
695.0000 139 122 0.8777
695.9000 139 123 0.8849
696.6000 139 124 0.8921
699.2000 139 125 0.8993
700.0000 140 125 0.8929
703.8000 140 126 0.9000
704.7000 140 127 0.9071
705.0000 141 127 0.9007
710.0000 142 127 0.8944
715.0000 143 127 0.8881
720.0000 144 127 0.8819
720.7000 144 128 0.8889
725.0000 145 128 0.8828
730.0000 146 128 0.8767
733.5000 146 129 0.8836
735.0000 147 129 0.8776
739.9000 147 130 0.8844
740.0000 148 130 0.8784
745.0000 149 130 0.8725
746.1000 149 131 0.8792
747.7000 149 132 0.8859
750.0000 150 132 0.8800
750.1000 150 133 0.8867
753.9000 150 134 0.8933
755.0000 151 134 0.8874
760.0000 152 134 0.8816
763.9000 152 135 0.8882
765.0000 153 135 0.8824
766.0000 153 136 0.8889
770.0000 154 136 0.8831
775.0000 155 136 0.8774
775.1000 155 137 0.8839
775.4000 155 138 0.8903
780.0000 156 138 0.8846
785.0000 157 138 0.8790
790.0000 158 138 0.8734
792.7000 158 139 0.8797
795.0000 159 139 0.8742
797.7000 159 140 0.8805
800.0000 160 140 0.8750
805.0000 161 140 0.8696
807.3000 161 141 0.8758
810.0000 162 141 0.8704
810.2000 162 142 0.8765
815.0000 163 142 0.8712
816.6000 163 143 0.8773
818.3000 163 144 0.8834
818.8000 163 145 0.8896
820.0000 164 145 0.8841
822.6000 164 146 0.8902
822.7000 164 147 0.8963
825.0000 165 147 0.8909
829.4000 165 148 0.8970
830.0000 166 148 0.8916
830.4000 166 149 0.8976
830.7000 166 150 0.9036
830.8000 166 151 0.9096
831.5000 166 152 0.9157
832.5000 166 153 0.9217
833.1000 166 154 0.9277
835.0000 167 154 0.9222
836.8000 167 155 0.9281
838.6000 167 156 0.9341
840.0000 168 156 0.9286
840.5000 168 157 0.9345
845.0000 169 157 0.9290
848.2000 169 158 0.9349
848.8000 169 159 0.9408
849.8000 169 160 0.9467
850.0000 170 160 0.9412
852.1000 170 161 0.9471
855.0000 171 161 0.9415
860.0000 172 161 0.9360
862.5000 172 162 0.9419
862.9000 172 163 0.9477
865.0000 173 163 0.9422
870.0000 174 163 0.9368
873.7000 174 164 0.9425
875.0000 175 164 0.9371
880.0000 176 164 0.9318
885.0000 177 164 0.9266
890.0000 178 164 0.9213
895.0000 179 164 0.9162
900.0000 180 164 0.9111
900.3000 180 165 0.9167
905.0000 181 165 0.9116
905.9000 181 166 0.9171
910.0000 182 166 0.9121
915.0000 183 166 0.9071
920.0000 184 166 0.9022
920.8000 184 167 0.9076
925.0000 185 167 0.9027
926.1000 185 168 0.9081
930.0000 186 168 0.9032
933.0000 186 169 0.9086
935.0000 187 169 0.9037
936.8000 187 170 0.9091
939.5000 187 171 0.9144
940.0000 188 171 0.9096
945.0000 189 171 0.9048
