# Scenario default_scenario
# distance at msg send, delivery time, hop count, MSG_ID
90.9058 0.7000 4 MA4
242.3273 31.3000 9 MA1
590.0808 39.2000 12 MA2
656.5408 51.3000 20 MA3
536.1105 37.9000 24 MA11
314.0770 25.9000 8 MA17
336.5848 86.2000 19 MA5
369.6386 82.4000 7 MA6
434.4021 16.7000 18 MA20
843.8493 90.1000 20 MA8
763.9657 82.7000 11 MA10
117.7016 11.9000 11 MA25
708.4052 59.1000 2 MA16
793.9431 93.0000 3 MA12
589.0620 45.1000 23 MA22
361.7499 120.7000 4 MA7
260.0185 40.4000 2 MA24
347.0793 8.2000 12 MA33
438.4402 85.5000 14 MA18
519.1791 118.1000 7 MA13
699.0654 108.3000 6 MA15
402.2519 34.8000 11 MA31
576.1175 48.4000 12 MA30
220.9745 9.3000 11 MA38
333.7908 20.6000 8 MA37
361.9236 80.8000 14 MA27
663.8408 49.8000 24 MA34
331.8234 7.2000 15 MA43
697.5295 64.2000 23 MA32
24.8716 0.1000 1 MA46
280.7334 136.4000 9 MA19
263.0630 91.5000 9 MA28
262.0181 187.9000 19 MA9
353.4377 135.9000 12 MA21
666.9304 22.7000 14 MA44
600.4246 46.7000 25 MA40
1069.6704 116.7000 18 MA26
140.5397 2.6000 4 MA49
448.8389 43.5000 3 MA42
672.7804 24.6000 16 MA47
330.9682 57.8000 10 MA41
98.9316 72.1000 3 MA39
1330.6590 206.0000 8 MA14
878.3451 162.3000 5 MA23
874.2486 132.4000 10 MA29
392.4883 116.4000 10 MA36
1096.4796 130.9000 19 MA35
786.2720 51.1000 9 MA51
319.3871 51.5000 5 MA52
156.3572 41.3000 8 MA56
125.0687 27.1000 9 MA59
754.4475 82.3000 13 MA50
135.1199 34.2000 12 MA60
268.0744 18.0000 9 MA66
178.8693 109.6000 15 MA48
562.8759 79.9000 10 MA54
909.9444 135.0000 13 MA45
543.3281 85.4000 15 MA55
488.8790 31.6000 11 MA68
339.3926 16.8000 13 MA71
610.4318 109.1000 6 MA53
601.9268 49.8000 5 MA65
532.2289 90.2000 4 MA57
566.7036 83.5000 10 MA61
461.8558 107.3000 3 MA58
629.8485 62.8000 14 MA67
135.3438 1.1000 5 MA81
392.9908 60.1000 10 MA74
457.6284 51.4000 12 MA78
477.0064 88.1000 12 MA72
266.4064 73.6000 4 MA75
532.5478 139.8000 10 MA62
538.1145 90.5000 26 MA73
134.3017 12.9000 2 MA89
351.7039 11.9000 9 MA91
740.6995 151.7000 18 MA64
555.8132 128.5000 14 MA69
389.7338 40.8000 7 MA87
60.3703 2.4000 1 MA95
326.2339 104.2000 13 MA76
122.9959 14.5000 4 MA96
211.9735 77.0000 6 MA84
245.6466 29.7000 3 MA94
87.1908 9.8000 3 MA98
422.7060 12.6000 6 MA101
1139.3688 88.7000 27 MA86
855.1823 109.1000 28 MA82
545.2172 137.5000 9 MA77
134.6905 20.4000 6 MA104
277.3451 23.4000 3 MA107
416.6537 102.2000 16 MA92
726.0167 118.1000 5 MA90
435.1543 24.8000 12 MA109
130.8747 225.7000 24 MA70
1319.6237 157.0000 30 MA85
137.0051 33.1000 4 MA110
521.2485 60.6000 5 MA106
896.8225 108.6000 14 MA97
691.9028 154.4000 4 MA88
518.3680 283.5000 13 MA63
609.7422 85.7000 2 MA103
509.5251 206.2000 11 MA79
444.8601 201.3000 14 MA80
503.3976 146.9000 13 MA93
446.9064 122.6000 10 MA99
674.1380 118.8000 20 MA100
366.8955 208.4000 2 MA83
904.5698 90.1000 23 MA108
646.0032 60.2000 8 MA115
431.9509 30.9000 8 MA121
231.0435 57.8000 11 MA116
537.6279 74.5000 18 MA114
198.8771 55.0000 12 MA118
457.0047 49.3000 5 MA120
90.6344 4.8000 4 MA132
553.4284 56.3000 9 MA123
242.2692 147.8000 12 MA105
742.5754 116.2000 9 MA112
553.6361 39.4000 10 MA128
346.0221 126.1000 19 MA111
921.0058 100.6000 12 MA117
620.2976 65.0000 18 MA126
913.9127 130.9000 4 MA113
533.3469 51.6000 18 MA129
413.1804 14.2000 16 MA137
438.1809 83.8000 11 MA124
729.2087 54.7000 8 MA130
146.5417 125.7000 11 MA119
438.8523 28.5000 4 MA141
659.4260 104.9000 8 MA127
116.9419 121.1000 20 MA125
782.4725 77.7000 17 MA134
974.5897 140.1000 26 MA122
157.6960 8.9000 3 MA149
478.0927 73.9000 5 MA138
238.7136 16.0000 5 MA150
10.6992 0.1000 1 MA155
134.2708 10.4000 5 MA153
398.1209 67.7000 15 MA145
415.6479 77.7000 12 MA144
376.9627 132.3000 12 MA135
567.8258 95.2000 7 MA143
495.4225 61.6000 6 MA151
153.8072 3.3000 5 MA163
582.2229 153.8000 10 MA133
575.1367 52.6000 22 MA154
57.5593 142.7000 21 MA136
482.3928 9.4000 16 MA164
139.9865 135.4000 7 MA139
1535.7515 175.7000 4 MA131
905.7784 320.8000 9 MA102
669.0532 71.5000 3 MA152
712.3368 32.5000 14 MA160
407.3128 43.1000 16 MA158
1321.9807 126.8000 22 MA142
1344.1846 108.6000 23 MA146
922.2445 35.5000 16 MA161
415.9586 53.2000 11 MA159
964.0584 113.8000 20 MA147
371.4232 39.8000 5 MA162
344.3986 112.1000 8 MA148
524.4227 77.5000 21 MA157
588.7058 32.9000 20 MA166
160.5989 28.7000 12 MA169
702.4541 120.3000 9 MA156
294.7951 25.9000 6 MA176
648.9242 55.8000 24 MA173
763.2260 56.1000 19 MA174
478.6320 43.0000 16 MA178
614.0559 86.8000 14 MA170
652.9478 34.5000 25 MA181
378.9169 52.3000 9 MA180
664.2321 47.5000 24 MA182
290.8766 113.4000 4 MA171
656.5523 132.3000 21 MA168
221.8411 13.3000 3 MA192
35.5828 0.1000 1 MA195
301.1204 14.1000 4 MA194
514.5349 55.3000 18 MA186
669.4017 123.6000 18 MA177
779.2036 47.8000 11 MA193
237.3030 58.4000 11 MA191
1102.4354 102.4000 33 MA183
46.8399 1.1000 3 MA204
536.3951 126.7000 1 MA179
457.0047 105.7000 7 MA185
84.5535 0.8000 4 MA206
386.8660 89.4000 8 MA189
662.6542 160.2000 10 MA175
555.4830 28.5000 4 MA202
729.2087 59.8000 9 MA196
691.3404 221.7000 5 MA167
301.4836 66.8000 13 MA198
650.7539 199.6000 14 MA172
825.0637 139.7000 14 MA184
84.0477 0.7000 4 MA213
119.5084 4.7000 2 MA217
618.0915 395.0000 3 MA140
70.5101 27.6000 6 MA215
280.3797 82.0000 7 MA205
728.9464 49.6000 20 MA212
409.3223 75.8000 7 MA207
1067.8753 286.6000 11 MA165
1178.9535 112.9000 20 MA200
349.0941 98.2000 12 MA203
715.5744 80.5000 29 MA208
622.8822 53.4000 10 MA216
682.8024 47.0000 16 MA218
889.9109 139.1000 22 MA201
419.4304 95.8000 16 MA210
220.2491 196.4000 7 MA190
590.3423 152.2000 20 MA199
643.8409 80.1000 3 MA214
725.1841 166.0000 9 MA197
731.1801 42.8000 11 MA222
515.5852 51.3000 15 MA221
228.6744 30.8000 3 MA227
294.6932 29.7000 7 MA228
605.5952 75.6000 8 MA220
482.9457 54.8000 16 MA226
378.8598 154.8000 5 MA209
702.8009 49.9000 14 MA231
231.3659 268.0000 5 MA188
157.3605 13.7000 7 MA240
578.5411 104.0000 20 MA223
292.4835 126.6000 15 MA219
656.9982 56.4000 17 MA234
127.7779 9.4000 3 MA244
57.4807 0.4000 3 MA246
513.1152 40.0000 16 MA241
211.8424 41.7000 4 MA245
128.9871 143.0000 14 MA225
28.2657 0.1000 1 MA254
759.8611 87.0000 14 MA237
748.9589 64.1000 19 MA243
796.4244 89.1000 18 MA238
993.8306 105.1000 25 MA236
252.7947 140.4000 7 MA230
438.1923 147.3000 13 MA229
598.6637 237.7000 11 MA211
2182.8852 360.2000 16 MA187
753.5884 103.5000 19 MA242
594.4448 37.3000 14 MA256
754.1429 202.4000 18 MA224
792.4535 52.1000 9 MA255
548.0715 68.6000 4 MA252
230.1610 49.1000 8 MA257
412.2745 39.7000 7 MA259
537.6172 175.9000 10 MA232
720.4752 85.0000 10 MA251
537.1895 -1.0000 -1 MA263
455.4110 -1.0000 -1 MA262
467.9099 -1.0000 -1 MA250
644.2269 -1.0000 -1 MA261
802.3933 -1.0000 -1 MA260
298.5062 -1.0000 -1 MA267
307.5905 -1.0000 -1 MA233
955.4217 -1.0000 -1 MA266
391.1086 -1.0000 -1 MA265
576.6204 -1.0000 -1 MA253
189.6064 -1.0000 -1 MA264
378.1162 -1.0000 -1 MA249
804.4566 -1.0000 -1 MA248
315.4882 -1.0000 -1 MA247
535.3365 -1.0000 -1 MA258
469.2998 -1.0000 -1 MA235
438.0232 -1.0000 -1 MA268
445.9615 -1.0000 -1 MA239
